3.357999999999999874e-02 4.653666699999999684e-02 5.212666700000000153e-02 5.703333299999999856e-02 5.258333300000000293e-02 4.445666699999999832e-02 3.538999999999999785e-02
6.147999999999999993e-02 8.994000000000000605e-02 9.293999999999999484e-02 1.067499999999999977e-01 9.493666700000000236e-02 8.115333299999999417e-02 6.617666699999999458e-02
1.288033329999999921e-01 1.759633329999999996e-01 1.839266669999999881e-01 2.067733330000000036e-01 1.845833329999999883e-01 1.622500000000000053e-01 1.334400000000000031e-01
3.165000000000000036e-01 3.764000000000000123e-01 4.378000000000000225e-01 4.667999999999999927e-01 4.404333329999999824e-01 4.375000000000000000e-01 3.316000000000000059e-01
5.235333330000000451e-01 6.145000000000000462e-01 6.972666669999999511e-01 7.042666669999999574e-01 6.939333330000000410e-01 6.721000000000000307e-01 5.240333329999999901e-01
6.035333330000000052e-01 7.334666669999999611e-01 8.068999999999999506e-01 8.164333329999999833e-01 8.065999999999999837e-01 7.605666669999999741e-01 5.894333330000000037e-01
6.405333330000000380e-01 7.896333330000000483e-01 8.588333329999999766e-01 8.707000000000000295e-01 8.580333329999999536e-01 8.050333330000000176e-01 6.249000000000000110e-01
6.563666670000000147e-01 8.181333330000000181e-01 8.876333330000000243e-01 8.971000000000000085e-01 8.840999999999999970e-01 8.245000000000000107e-01 6.411666670000000234e-01
6.686666669999999923e-01 8.328999999999999737e-01 9.030666670000000451e-01 9.120666670000000531e-01 8.980333329999999892e-01 8.362000000000000544e-01 6.570666670000000487e-01
6.754000000000000004e-01 8.402333330000000267e-01 9.101333329999999888e-01 9.200333330000000087e-01 9.058333330000000183e-01 8.419999999999999707e-01 6.620333330000000016e-01
6.772000000000000242e-01 8.428999999999999826e-01 9.130333330000000025e-01 9.231000000000000316e-01 9.090333329999999989e-01 8.450666669999999936e-01 6.659333330000000162e-01
6.776666670000000003e-01 8.433666669999999588e-01 9.132000000000000117e-01 9.232666670000000408e-01 9.097666669999999733e-01 8.466000000000000192e-01 6.664666670000000126e-01
6.756666669999999986e-01 8.415333329999999945e-01 9.115333329999999457e-01 9.211666670000000501e-01 9.078666669999999606e-01 8.451999999999999513e-01 6.668333330000000281e-01
6.730666669999999518e-01 8.362000000000000544e-01 9.073666670000000156e-01 9.162000000000000144e-01 9.031333329999999826e-01 8.419666670000000019e-01 6.635333329999999474e-01
6.640333330000000034e-01 8.270666669999999776e-01 8.976666669999999737e-01 9.041333329999999835e-01 8.963333329999999544e-01 8.335666670000000389e-01 6.584999999999999742e-01
6.510666670000000433e-01 8.112666670000000524e-01 8.781666670000000119e-01 8.842666670000000062e-01 8.741666670000000083e-01 8.194666670000000375e-01 6.449666670000000490e-01
6.295333330000000283e-01 7.763333329999999588e-01 8.455666670000000495e-01 8.459333329999999540e-01 8.410666669999999900e-01 7.908333330000000272e-01 6.249000000000000110e-01
5.857666670000000186e-01 7.078666670000000050e-01 7.861000000000000210e-01 7.704333330000000535e-01 7.711666670000000279e-01 7.229333329999999558e-01 5.688999999999999613e-01
4.492333330000000124e-01 5.582666670000000497e-01 6.169000000000000039e-01 5.840333330000000434e-01 6.043666669999999685e-01 5.438666669999999703e-01 4.092666669999999729e-01
2.014100000000000057e-01 3.028666669999999783e-01 2.908999999999999919e-01 2.827000000000000068e-01 2.766000000000000125e-01 2.367333329999999902e-01 1.628933330000000013e-01
9.067000000000000060e-02 1.441833329999999969e-01 1.428300000000000125e-01 1.422966669999999878e-01 1.396699999999999886e-01 1.145166670000000025e-01 8.092000000000000581e-02
