1.202666699999999957e-02 1.129800000000000075e-02 9.400000000000000369e-03 0.000000000000000000e+00 7.525666999999999773e-03 1.111299999999999961e-02 1.355366700000000015e-02
3.960333299999999751e-02 3.687333300000000119e-02 3.072666699999999917e-02 6.944999999999999785e-02 2.523233299999999915e-02 3.557333299999999865e-02 4.070333300000000126e-02
1.177600000000000036e-01 1.176999999999999991e-01 1.065966670000000061e-01 2.307700000000000029e-01 7.883333300000000543e-02 1.114266669999999931e-01 1.316566670000000050e-01
3.879000000000000226e-01 3.701666670000000048e-01 3.335000000000000187e-01 6.014000000000000457e-01 2.888466670000000014e-01 3.644000000000000017e-01 3.716333330000000101e-01
6.895000000000000018e-01 6.788333330000000387e-01 5.530333330000000158e-01 7.671333329999999728e-01 5.387333330000000364e-01 6.867333329999999458e-01 6.841666669999999506e-01
7.942666670000000373e-01 7.788666669999999570e-01 6.168000000000000149e-01 7.938666669999999703e-01 6.325666669999999714e-01 7.779666669999999451e-01 7.870333330000000016e-01
8.153000000000000247e-01 8.028666669999999783e-01 6.341666670000000172e-01 7.901000000000000245e-01 6.552666670000000249e-01 8.024999999999999911e-01 8.065666670000000149e-01
8.077333330000000533e-01 8.014999999999999902e-01 6.389000000000000234e-01 7.743999999999999773e-01 6.582333329999999760e-01 8.027333330000000489e-01 8.013000000000000123e-01
7.926333330000000510e-01 7.950000000000000400e-01 6.395333330000000371e-01 7.575333330000000309e-01 6.566666669999999817e-01 7.943666670000000263e-01 7.864666670000000082e-01
7.734750000000000236e-01 7.862000000000000099e-01 6.359000000000000208e-01 7.463333330000000432e-01 6.511000000000000121e-01 7.859333330000000117e-01 7.739666670000000526e-01
7.631499999999999950e-01 7.808000000000000496e-01 6.368666670000000529e-01 7.443666669999999819e-01 6.501000000000000112e-01 7.803999999999999826e-01 7.643999999999999684e-01
7.573333330000000529e-01 7.750000000000000222e-01 6.368333330000000014e-01 7.486666669999999524e-01 6.515999999999999570e-01 7.768000000000000460e-01 7.597333330000000107e-01
7.614999999999999547e-01 7.764999999999999680e-01 6.381999999999999895e-01 7.607500000000000373e-01 6.538333330000000165e-01 7.779000000000000359e-01 7.614999999999999547e-01
7.700666670000000380e-01 7.817666669999999707e-01 6.347666669999999511e-01 7.824666670000000046e-01 6.584666670000000055e-01 7.822000000000000064e-01 7.689666670000000481e-01
7.840666670000000504e-01 7.865666669999999971e-01 6.345666669999999732e-01 7.978333330000000334e-01 6.594999999999999751e-01 7.887666669999999769e-01 7.822999999999999954e-01
7.972666670000000400e-01 7.895666669999999998e-01 6.308666670000000476e-01 8.023333329999999819e-01 6.561000000000000165e-01 7.941000000000000281e-01 7.967333330000000435e-01
7.973666670000000289e-01 7.772999999999999909e-01 6.205666669999999607e-01 7.689333329999999966e-01 6.318666670000000485e-01 7.899000000000000465e-01 7.991333330000000013e-01
7.571666670000000154e-01 7.140333330000000478e-01 5.766999999999999904e-01 6.478000000000000425e-01 5.459666669999999611e-01 7.494333330000000348e-01 7.649333329999999931e-01
5.998666670000000201e-01 5.156333330000000270e-01 4.200999999999999734e-01 3.530333330000000047e-01 2.862533329999999987e-01 6.046333329999999950e-01 5.962333330000000320e-01
2.120299999999999963e-01 1.831666670000000052e-01 1.347200000000000064e-01 1.078199999999999992e-01 8.535333300000000345e-02 2.474966670000000035e-01 7.808413300000000001e-02
7.052333299999999361e-02 5.317000000000000198e-02 4.032333300000000287e-02 0.000000000000000000e+00 2.617333300000000001e-02 7.810000000000000275e-02 8.263333300000000325e-02
